1760762042.9631674 0.0 0.0 -0.013610947877168655
1760762043.0627968 0.0 0.0 -0.01747077082594236
1760762043.1627784 0.0 0.0 0.02813606088360151
1760762043.263047 0.0 0.0 0.05657686417301496
1760762043.3627534 0.650816948204181 0.0 0.07902476812402408
1760762043.462964 0.650816948204181 0.0 0.08197038993239403
1760762043.562905 0.650816948204181 0.42356880172557754 0.06967992211381593
1760762043.6627963 0.650816948204181 0.42356880172557754 0.058709905793269464
1760762043.7630105 0.650816948204181 0.42356880172557754 0.04753673697511354
1760762043.862812 0.650816948204181 0.42356880172557754 0.05779573942224184
1760762043.9627874 0.650816948204181 0.42356880172557754 0.0723208449780941
1760762044.062946 0.650816948204181 0.42356880172557754 0.07892317200700442
1760762044.1627223 0.650816948204181 0.8471376034511551 0.09080735469857852
1760762044.2627366 0.650816948204181 0.8471376034511551 0.09964432939887047
1760762044.3629286 0.650816948204181 0.8471376034511551 0.10512934749325116
1760762044.4628577 0.650816948204181 0.8471376034511551 0.11325528845191002
1760762044.562854 0.650816948204181 1.2707064051767327 0.118435587733984
1760762044.6628556 0.650816948204181 1.2707064051767327 0.11884187286098798
1760762044.7627745 0.650816948204181 1.2707064051767327 0.11711514617005983
1760762044.862813 0.650816948204181 1.2707064051767327 0.1090907814602057
1760762044.9628518 0.650816948204181 1.2707064051767327 0.10360577329993247
1760762045.0628304 0.650816948204181 1.2707064051767327 0.09893335526188213
1760762045.1624658 0.650816948204181 1.6942752069023101 0.1063482823471228
1760762045.2636907 0.650816948204181 1.6942752069023101 0.11183331037561096
1760762045.362904 0.650816948204181 1.6942752069023101 0.11609942341844239
1760762045.4628448 0.650816948204181 1.6942752069023101 0.11904510483145711
1760762045.5627558 0.650816948204181 2.1178440086278876 0.11752147103349365
1760762045.6628985 0.650816948204181 2.1178440086278876 0.10939554994304973
1760762045.7628624 0.650816948204181 2.1178440086278876 0.10949712619185446
1760762045.862693 0.650816948204181 2.1178440086278876 0.11609946315487224
1760762045.962765 0.650816948204181 2.5414128103534654 0.10624673590064046
1760762046.0628786 0.650816948204181 2.5414128103534654 0.09436251347263651
1760762046.1628067 0.650816948204181 2.5414128103534654 0.09649560476342833
1760762046.262834 0.650816948204181 2.5414128103534654 0.09354996308684345
1760762046.3628085 0.650816948204181 2.964981612079043 0.0900964501003424
1760762046.4629536 0.650816948204181 2.964981612079043 0.09598775332172708
1760762046.562904 0.650816948204181 2.964981612079043 0.0984255435566107
1760762046.6629076 0.650816948204181 2.964981612079043 0.0891823035975297
1760762046.7630155 0.650816948204181 3.3885504138046203 0.08928388978044188
1760762046.8627336 0.650816948204181 3.3885504138046203 0.09202639882763224
1760762046.9627752 0.650816948204181 3.3885504138046203 0.08633822823564208
1760762047.0628624 0.650816948204181 3.3885504138046203 0.09131533528367675
1760762047.1628363 0.650816948204181 3.3885504138046203 0.09222951158881183
1760762047.262847 0.650816948204181 3.3885504138046203 0.09547987207770343
1760762047.3629205 0.650816948204181 3.8121192155301977 0.09649561469753579
1760762047.462727 0.650816948204181 3.8121192155301977 0.09334682052334145
1760762047.5628202 0.650816948204181 3.8121192155301977 0.09781605626145994
1760762047.662795 0.650816948204181 3.8121192155301977 0.10228534167011574
1760762047.76298 0.650816948204181 4.235688017255775 0.09680035337805744
1760762047.8629403 0.650816948204181 4.235688017255775 0.09060432141025856
1760762047.962891 0.650816948204181 4.235688017255775 0.08958857879042621
1760762048.062813 0.650816948204181 4.235688017255775 0.10116805260380105
1760762048.1627588 0.650816948204181 4.659256818981352 0.10462157552440957
1760762048.262705 0.650816948204181 4.659256818981352 0.1115286213656266
1760762048.3627944 0.650816948204181 4.659256818981352 0.12290492281317707
1760762048.4626722 0.650816948204181 4.659256818981352 0.12310806537667907
1760762048.5628061 0.650816948204181 5.082825620706931 0.1249363782505194
1760762048.662784 0.650816948204181 5.082825620706931 0.12097500388820963
1760762048.7628882 0.650816948204181 5.082825620706931 0.11843568707505858
1760762048.8627658 0.650816948204181 5.082825620706931 0.11010659361879027
1760762048.962892 0.650816948204181 5.082825620706931 0.11051291848222411
1760762049.0629783 0.650816948204181 5.082825620706931 0.10340272014339762
1760762049.1627693 0.650816948204181 5.506394422432508 0.09822245066364603
1760762049.2628143 0.650816948204181 5.506394422432508 0.10452007874846456
1760762049.3628433 0.650816948204181 5.506394422432508 0.10787202542026834
1760762049.462897 0.650816948204181 5.506394422432508 0.11589640006422994
1760762049.5628505 0.650816948204181 5.929963224158086 0.11081768696506815
1760762049.6627712 0.650816948204181 5.929963224158086 0.1045201184848944
1760762049.762919 0.650816948204181 5.929963224158086 0.09182331586877501
1760762049.8630464 0.650816948204181 5.929963224158086 0.08755718295772867
1760762049.9627764 0.650816948204181 6.353532025883663 0.09283905848860738
1760762050.0626974 0.650816948204181 6.353532025883663 0.08979184056321778
1760762050.1629007 0.650816948204181 6.353532025883663 0.09456581498185791
1760762050.2623284 0.650816948204181 6.353532025883663 0.08593199277917542
1760762050.3630595 0.650816948204181 6.777100827609241 0.07333676641186077
1760762050.463199 0.650816948204181 6.777100827609241 0.07069584354758261
1760762050.5627794 0.650816948204181 6.777100827609241 0.08420521641770998
1760762050.6628618 0.650816948204181 6.777100827609241 0.07374308134118715
1760762050.762878 0.650816948204181 6.777100827609241 0.06754703943928082
1760762050.8627698 0.650816948204181 6.777100827609241 0.06724230075875917
1760762050.962895 0.650816948204181 7.2006696293348185 0.06734384720524152
1760762051.0628533 0.650816948204181 7.2006696293348185 0.054342365513245255
1760762051.1627097 0.650816948204181 7.2006696293348185 0.04723214730620383
1760762051.262911 0.650816948204181 7.2006696293348185 0.06053834781050681
1760762051.3632405 0.650816948204181 7.6242384310603954 0.06785171851515769
1760762051.4628644 0.650816948204181 7.6242384310603954 0.07110209887226421
1760762051.5630937 0.650816948204181 7.6242384310603954 0.06663280352950095
1760762051.6628973 0.650816948204181 7.6242384310603954 0.06307768449187277
1760762051.7628536 0.650816948204181 8.047807232785972 0.058202104022105516
1760762051.8628278 0.650816948204181 8.047807232785972 0.060436741759379686
1760762051.9629762 0.650816948204181 8.047807232785972 0.057795799026886606
1760762052.0628326 0.650816948204181 8.047807232785972 0.05139662449558574
1760762052.1629446 0.650816948204181 8.47137603451155 0.043575392415126146
1760762052.262814 0.650816948204181 8.47137603451155 0.04611473903059957
1760762052.3628128 0.650816948204181 8.47137603451155 0.043270643800497034
1760762052.462862 0.650816948204181 8.47137603451155 0.04388012116154033
1760762052.5629423 0.650816948204181 8.894944836237128 0.04845094308257101
1760762052.662864 0.650816948204181 8.894944836237128 0.04926353320479391
1760762052.762846 0.650816948204181 8.894944836237128 0.0464194578429063
1760762052.8631265 0.650816948204181 8.894944836237128 0.05139661456147828
1760762052.9629314 0.650816948204181 9.318513637962704 0.041950212170680345
1760762053.0627315 0.650816948204181 9.318513637962704 0.04083290323615072
1760762053.1627395 0.650816948204181 9.318513637962704 0.040528164555629076
1760762053.262782 0.650816948204181 9.318513637962704 0.04479428753256796
1760762053.3628407 0.650816948204181 9.318513637962704 0.05535801872611044
1760762053.462921 0.650816948204181 9.318513637962704 0.05942099913954733
1760762053.5627275 0.650816948204181 9.742082439688282 0.05586589997013408
1760762053.6634119 0.650816948204181 9.742082439688282 0.06754693016409873
1760762053.7625155 0.650816948204181 9.742082439688282 0.08481454476714133
1760762053.8622005 0.650816948204181 9.742082439688282 0.08786178256074587
1760762053.9628174 0.650816948204181 10.165651241413862 0.08836963400244711
1760762054.0629609 0.650816948204181 10.165651241413862 0.08247832084695497
1760762054.162891 0.650816948204181 10.165651241413862 0.06998469059665996
1760762054.2627692 0.650816948204181 10.165651241413862 0.06988308454553284
1760762054.362769 0.650816948204181 10.589220043139438 0.057287907848755495
1760762054.4633565 0.650816948204181 10.589220043139438 0.058100497970978396
1760762054.5628226 0.650816948204181 10.589220043139438 0.06785163904229798
1760762054.66293 0.650816948204181 10.589220043139438 0.0735397897660732
1760762054.7628138 0.650816948204181 11.012788844865016 0.08115789915124573
1760762054.8629007 0.650816948204181 11.012788844865016 0.07445398593942322
1760762054.962873 0.650816948204181 11.012788844865016 0.06470285480221111
1760762055.0629299 0.650816948204181 11.012788844865016 0.07252407694856323
1760762055.1627135 0.650816948204181 11.436357646590592 0.08166572079062459
1760762055.2627895 0.650816948204181 11.436357646590592 0.07780590280890462
1760762055.3627791 0.650816948204181 11.436357646590592 0.08197043960293131
1760762055.4629488 0.650816948204181 11.436357646590592 0.0842050972084204
1760762055.5628316 0.650816948204181 11.859926448316171 0.07800905530651407
1760762055.662821 0.650816948204181 11.859926448316171 0.08562710508704183
1760762055.7627923 0.650816948204181 11.859926448316171 0.0790247780581315
1760762055.8628545 0.650816948204181 11.859926448316171 0.07486026113231974
1760762055.9629965 0.650816948204181 11.859926448316171 0.07638387506206827
1760762056.0628362 0.650816948204181 11.859926448316171 0.07648542150855062
1760762056.1628242 0.650816948204181 12.283495250041748 0.0814625484248002
1760762056.262775 0.650816948204181 12.283495250041748 0.07811058188478148
1760762056.362927 0.650816948204181 12.283495250041748 0.06612484281261757
1760762056.4629855 0.650816948204181 12.283495250041748 0.06734371806184446
1760762056.562818 0.650816948204181 12.707064051767325 0.06957837566733355
1760762056.662864 0.650816948204181 12.707064051767325 0.06023353959123288
1760762056.763102 0.650816948204181 12.707064051767325 0.053529646247625295
1760762056.8628395 0.650816948204181 12.707064051767325 0.05444384242097531
1760762056.9629388 0.650816948204181 13.130632853492902 0.05972571795185401
1760762057.0629108 0.650816948204181 13.130632853492902 0.06612489248315487
1760762057.1628182 0.650816948204181 13.130632853492902 0.062163478384415244
1760762057.2628024 0.650816948204181 13.130632853492902 0.06419498349229488
1760762057.3633718 0.650816948204181 13.554201655218481 0.07282879576086991
1760762057.462738 0.650816948204181 13.554201655218481 0.07079733038942013
1760762057.56273 0.650816948204181 13.554201655218481 0.07262566313147538
1760762057.662937 0.650816948204181 13.554201655218481 0.07435246929526322
1760762057.7628648 0.650816948204181 13.977770456944057 0.0715083939333756
1760762057.8629308 0.650816948204181 13.977770456944057 0.07638395453492793
1760762057.9621344 0.650816948204181 13.977770456944057 0.08532248561580968
1760762058.0626814 0.650816948204181 13.977770456944057 0.08065007751186681
1760762058.1631095 0.650816948204181 14.401339258669637 0.08654135093092911
1760762058.2627108 0.650816948204181 14.401339258669637 0.07668866341312719
1760762058.3627765 0.650816948204181 14.401339258669637 0.07120366518696142
1760762058.4629986 0.650816948204181 14.401339258669637 0.07120366518696142
1760762058.5627875 0.650816948204181 14.824908060395211 0.07171149676044775
1760762058.6628873 0.650816948204181 14.824908060395211 0.06338242317239436
1760762058.7621791 0.650816948204181 14.824908060395211 0.06165565674503636
1760762058.86294 0.650816948204181 14.824908060395211 0.055561181157827294
1760762058.962939 0.650816948204181 14.824908060395211 0.06094462300340327
1760762059.0627074 0.650816948204181 14.824908060395211 0.05698323870698603
1760762059.1627839 0.650816948204181 15.248476862120791 0.07282881562908483
1760762059.262839 0.650816948204181 15.248476862120791 0.08522085969646764
1760762059.3627458 0.650816948204181 15.248476862120791 0.08928383017579707
1760762059.4628448 0.650816948204181 15.248476862120791 0.08227520808577529
1760762059.5627341 0.650816948204181 15.672045663846367 0.0797358515361944
1760762059.6628401 0.650816948204181 15.672045663846367 0.08471301818887385
1760762059.762768 0.650816948204181 15.672045663846367 0.08176733677585912
1760762059.8628619 0.650816948204181 15.672045663846367 0.08542400225996964
1760762059.9629142 0.650816948204181 16.095614465571945 0.08958855892221126
1760762060.0629263 0.650816948204181 16.095614465571945 0.10441840315858517
1760762060.1630478 0.650816948204181 16.095614465571945 0.11670892064770057
1760762060.2628992 0.650816948204181 16.095614465571945 0.11173176392912859
1760762060.3628247 0.650816948204181 16.519183267297525 0.11173176392912859
1760762060.4628437 0.650816948204181 16.519183267297525 0.10502785071730608
1760762060.5627208 0.650816948204181 16.519183267297525 0.11650572841366127
1760762060.6628952 0.650816948204181 16.519183267297525 0.13397648558020586
1760762060.7628624 0.650816948204181 16.9427520690231 0.1520566803713639
1760762060.8628368 0.650816948204181 16.9427520690231 0.17765338843067482
1760762060.9629328 0.650816948204181 16.9427520690231 0.18527147794763243
1760762061.062961 0.650816948204181 16.9427520690231 0.17430146162708596
1760762061.162722 0.650816948204181 16.9427520690231 0.1761297745009263
1760762061.262808 0.650816948204181 16.9427520690231 0.1762313606838385
1760762061.362771 0.650816948204181 17.366320870748677 0.17430146162708596
1760762061.462851 0.650816948204181 17.366320870748677 0.18049748366077736
1760762061.5629697 0.650816948204181 17.366320870748677 0.18750609581669167
1760762061.66283 0.650816948204181 17.366320870748677 0.19095962867140764
1760762061.7627418 0.650816948204181 17.789889672474256 0.20304697379469866
1760762061.8628516 0.650816948204181 17.789889672474256 0.21249334638317421
1760762061.962942 0.650816948204181 17.789889672474256 0.20812565709153807
1760762062.0628126 0.650816948204181 17.789889672474256 0.20914139971137044
1760762062.1628692 0.650816948204181 18.213458474199836 0.20619575803478557
1760762062.262818 0.650816948204181 18.213458474199836 0.2081256570915381
1760762062.3628995 0.650816948204181 18.213458474199836 0.2086335482696692
1760762062.4628687 0.650816948204181 18.213458474199836 0.19563204670945802
1760762062.562824 0.650816948204181 18.63702727592541 0.1920769674082597
1760762062.6627898 0.650816948204181 18.63702727592541 0.17470777655641237
1760762062.7628312 0.650816948204181 18.63702727592541 0.16861331090331078
1760762062.8627486 0.650816948204181 18.63702727592541 0.19390531008442244
1760762062.9628904 0.650816948204181 19.060596077650988 0.20233594998717308
1760762063.0628228 0.650816948204181 19.060596077650988 0.1961399478216966
1760762063.1629019 0.650816948204181 19.060596077650988 0.2058910888930162
1760762063.262739 0.650816948204181 19.060596077650988 0.18527151768406233
1760762063.3629122 0.650816948204181 19.060596077650988 0.16333149497707686
1760762063.4628053 0.650816948204181 19.060596077650988 0.1692228379348914
1760762063.5630949 0.650816948204181 19.484164879376564 0.17409839853644374
1760762063.6628766 0.650816948204181 19.484164879376564 0.19654630248745286
1760762063.7628195 0.650816948204181 19.484164879376564 0.19248332207401597
1760762063.8629155 0.650816948204181 19.484164879376564 0.17978655919432643
1760762063.9629135 0.650816948204181 19.907733681102144 0.19228018944462144
1760762064.0629117 0.650816948204181 19.907733681102144 0.2027423642575741
1760762064.162851 0.650816948204181 19.907733681102144 0.18974087263147038
1760762064.262711 0.650816948204181 19.907733681102144 0.1976636610925198
1760762064.3628843 0.650816948204181 20.331302482827724 0.20518018429478013
1760762064.4627793 0.650816948204181 20.331302482827724 0.19451491658886277
1760762064.5627606 0.650816948204181 20.331302482827724 0.20142196243007982
1760762064.6627781 0.650816948204181 20.331302482827724 0.21056364600857103
1760762064.7624624 0.650816948204181 20.754871284553296 0.1916708312928677
1760762064.862869 0.650816948204181 20.754871284553296 0.19644482557972276
1760762064.9629173 0.650816948204181 20.754871284553296 0.1931944551567237
1760762065.0629153 0.650816948204181 20.754871284553296 0.1963432294627031
1760762065.1628246 0.650816948204181 21.178440086278876 0.20812587564190232
1760762065.2628355 0.650816948204181 21.178440086278876 0.20599281415343287
1760762065.3629022 0.650816948204181 21.178440086278876 0.19746058806777003
1760762065.462832 0.650816948204181 21.178440086278876 0.19695272669196132
1760762065.5628605 0.650816948204181 21.602008888004455 0.20111727342009547
1760762065.6628435 0.650816948204181 21.602008888004455 0.19756217425068223
1760762065.76289 0.650816948204181 21.602008888004455 0.19136616215109828
1760762065.8627887 0.650816948204181 21.602008888004455 0.20497714107235276
1760762065.963034 0.650816948204181 21.602008888004455 0.18710005904237434
1760762066.0628653 0.650816948204181 21.602008888004455 0.19461656237641975
1760762066.1631095 0.650816948204181 22.02557768973003 0.18527172630031907
1760762066.2626348 0.650816948204181 22.02557768973003 0.1859827501078447
1760762066.362862 0.650816948204181 22.02557768973003 0.17450482274095222
1760762066.462882 0.650816948204181 22.02557768973003 0.11863898858428004
1760762066.5628524 0.650816948204181 22.449146491455608 0.07679040729999545
1760762066.6628416 0.650816948204181 22.449146491455608 0.08877618114153547
1760762066.7629259 0.650816948204181 22.02557768973003 0.09893360733985904
1760762066.862631 0.650816948204181 22.02557768973003 0.08237700164318087
1760762066.9629343 0.650816948204181 22.02557768973003 0.01157974203427635
1760762067.0628173 0.650816948204181 22.02557768973003 -0.0019296457370122071
1760762067.1628056 0.650816948204181 22.02557768973003 0.001930167277654033
1760762067.2627797 0.650816948204181 22.02557768973003 0.03626226882139844
1760762067.3627083 0.0 22.449146491455608 0.03280874093373619
1760762067.4628494 0.0 22.449146491455608 0.00568841894467674
1760762067.56277 0.0 22.449146491455608 -0.033620799581209795
1760762067.6629214 0.0 22.449146491455608 -0.067952886223793
1760762067.7627704 0.0 22.449146491455608 -0.07902446885903675
1760762067.8628852 0.0 22.449146491455608 -0.09527633090813953
1760762067.9628992 0.0 22.449146491455608 -0.1043164680401484
1760762068.063047 0.0 22.449146491455608 -0.05688129862149553
1760762068.162885 0.0 22.449146491455608 -0.02671375110124545
1760762068.2626896 0.0 22.449146491455608 0.004774262352536154
1760762068.3627512 0.0 22.449146491455608 0.01543955660114689
1760762068.4628792 0.0 22.449146491455608 0.01564270506302519
1760762068.5627196 0.0 22.449146491455608 0.025901702543099755
1760762068.6627777 0.0 22.449146491455608 0.026714296390612954
1760762068.7630098 0.0 22.449146491455608 0.13600817074378335
1760762068.8629808 0.0 22.449146491455608 0.2146266251802445
1760762068.9629252 0.0 22.449146491455608 0.2515996346871059
1760762069.0629163 0.0 22.449146491455608 0.28166558841864275
1760762069.1628551 0.650816948204181 22.449146491455608 0.28603326777617144
1760762069.2628276 0.650816948204181 22.449146491455608 0.30106625457604735
1760762069.3627236 0.650816948204181 22.449146491455608 0.32615510125954955
1760762069.4628258 0.650816948204181 22.449146491455608 0.31965433061122905
1760762069.5629594 0.650816948204181 22.449146491455608 0.30939534803231566
1760762069.6629982 0.650816948204181 22.449146491455608 0.32026377816994994
1760762069.7622724 0.650816948204181 22.449146491455608 0.3289991666873297
1760762069.8628094 0.650816948204181 22.449146491455608 0.3363125373919806
1760762069.962896 1.301633896408362 22.449146491455608 0.34667309621969866
1760762070.062769 1.301633896408362 22.449146491455608 0.348095123966535
1760762070.1631527 1.301633896408362 22.449146491455608 0.33478886385758727
1760762070.2627847 1.301633896408362 22.449146491455608 0.3403754283984503
1760762070.3628962 1.301633896408362 22.449146491455608 0.35165015359719604
1760762070.4627385 1.301633896408362 22.449146491455608 0.3453525255123775
1760762070.562753 1.9524508446125433 22.872715293181184 0.3286943584680558
1760762070.6628587 1.9524508446125433 22.872715293181184 0.33692190547784173
1760762070.7627869 1.9524508446125433 22.872715293181184 0.3270692179600398
1760762070.8643076 2.603267792816724 22.872715293181184 0.33966441452503204
1760762070.9642954 2.603267792816724 22.872715293181184 0.34220374127229053
1760762071.064308 3.2540847410209053 22.872715293181184 0.344743068019549
1760762071.1642983 3.2540847410209053 22.872715293181184 0.3472823947668075
1760762071.2643807 3.2540847410209053 22.872715293181184 0.349821721514066
1760762071.3642282 3.2540847410209053 22.872715293181184 0.35236104826132447
1760762071.4643106 3.2540847410209053 22.872715293181184 0.35490037500858296
1760762071.564365 3.2540847410209053 22.872715293181184 0.35743970175584144
1760762071.6642015 3.9049016892250865 22.872715293181184 0.35997902850309993
1760762071.7643323 3.9049016892250865 22.872715293181184 0.3625183552503584
1760762071.8642867 3.9049016892250865 22.872715293181184 0.3650576819976169
1760762071.9642735 3.9049016892250865 22.872715293181184 0.3675970087448754
1760762072.064399 3.9049016892250865 22.872715293181184 0.3535797744989393
1760762072.1643617 3.9049016892250865 22.872715293181184 0.3467743148406344
1760762072.2643363 3.9049016892250865 22.872715293181184 0.3760277082522708
1760762072.3642805 3.9049016892250865 22.872715293181184 0.3724725693464277
1760762072.4643621 4.555718637429267 22.872715293181184 0.3675970286130903
1760762072.5642638 4.555718637429267 22.872715293181184 0.3610962678988772
