1760838152.3010979 0.0 0.0 2.777777845039964e-05
1760838152.401374 0.0 0.0 2.777777845039964e-05
1760838152.5010946 0.0 0.0 5.555555690079928e-05
1760838152.6013143 0.0 0.0 8.333333535119891e-05
1760838152.7013757 0.0 0.0 5.555555690079927e-05
1760838152.8015127 0.0 0.0 8.333333535119891e-05
1760838152.9014597 0.0 0.0 8.333333535119891e-05
1760838153.0012708 0.0 0.0 8.333333535119891e-05
1760838153.1012578 0.0 0.0 0.00011111111380159856
1760838153.2011185 0.0 0.0 0.00013888889225199819
1760838153.3013215 0.0 0.0 0.00013888889225199819
1760838153.4014187 0.0 0.0 0.00013888889225199819
1760838153.5014343 0.0 0.0 0.00013888889225199819
1760838153.6013024 0.0 0.0 0.00016666667070239783
1760838153.701234 0.0 0.0 0.00022222222760319711
1760838153.8011963 0.0 0.0 0.00022222222760319711
1760838153.9014754 0.0 0.0 0.00025000000605359676
1760838154.0012581 0.0 0.0 0.00025000000605359676
1760838154.101414 0.0 0.0 0.00027777778450399637
1760838154.201282 0.0 0.0 0.000305555562954396
1760838154.3014405 0.0 0.0 0.00027777778450399637
1760838154.4011862 0.0 0.0 0.00027777778450399637
1760838154.501493 0.0 0.0 0.00027777778450399637
1760838154.6014545 0.0 0.0 0.00033333334140479566
1760838154.7013164 0.0 0.0 0.00033333334140479566
1760838154.8012884 0.0 0.0 0.00033333334140479566
1760838154.901461 0.0 0.0 0.0003611111198551953
1760838155.0013883 0.0 0.0 0.00041666667675599456
1760838155.101098 0.0 0.0 0.00041666667675599456
1760838155.201487 0.0 0.0 0.00041666667675599456
1760838155.3015034 0.0 0.0 0.00047222223365679384
1760838155.401296 0.0 0.0 0.00044444445520639423
1760838155.5013094 0.0 0.0 0.00047222223365679384
1760838155.600944 0.0 0.0 0.0005000000121071935
1760838155.7015638 0.0 0.0 0.0005277777905575931
1760838155.801485 0.0 0.0 0.0005277777905575931
1760838155.9015214 0.0 0.0 0.0005277777905575931
1760838156.001527 0.0 0.0 0.0005277777905575931
1760838156.1014986 0.0 0.0 0.0005277777905575931
1760838156.201208 0.0 0.0 0.0005277777905575931
1760838156.3013835 0.0 0.0 0.0005277777905575931
1760838156.4014287 0.0 0.0 0.0005000000121071935
1760838156.5015886 0.0 0.0 0.0004722222336567939
1760838156.6016169 0.0 0.0 0.0005277777905575931
1760838156.7013025 0.0 0.0 0.0005833333474583924
1760838156.8015754 0.0 0.0 0.0005555555690079927
1760838156.9013762 0.0 0.0 0.0005277777905575931
1760838157.0011163 0.0 0.0 0.0005833333474583924
1760838157.101296 0.0 0.0 0.0005833333474583924
1760838157.2013845 0.0 0.0 0.0006388889043591916
1760838157.301533 0.0 0.0 0.0006666666828095912
1760838157.4013844 0.0 0.0 0.000611111125908792
1760838157.5013359 0.0 0.0 0.000611111125908792
1760838157.601571 0.0 0.0 -0.0009722221875563266
1760838157.701413 0.0 0.0 -0.007472221949137748
1760838157.8013902 0.0 0.0 0.0008055556332692499
1760838157.9013176 0.0 0.0 -0.01716666633728892
1760838158.001404 0.650816948204181 0.0 -0.014499999606050555
1760838158.1013708 0.650816948204181 0.0 -0.023333332710899417
1760838158.2015398 0.650816948204181 0.42356880172557754 -0.027944443770684307
1760838158.3016632 0.650816948204181 0.42356880172557754 -0.024388888129033153
1760838158.4012396 0.650816948204181 0.42356880172557754 -0.02086111048702151
1760838158.5013068 0.650816948204181 0.42356880172557754 -0.029277777322568005
1760838158.6016648 0.650816948204181 0.42356880172557754 -0.02549999954644591
1760838158.7016234 0.650816948204181 0.42356880172557754 -0.016583333187736575
1760838158.801404 0.650816948204181 0.8471376034511551 0.04208333117421716
1760838158.901269 0.650816948204181 0.8471376034511551 0.07661110979970545
1760838159.0014637 0.650816948204181 0.8471376034511551 0.09111110938247294
1760838159.1011806 0.650816948204181 0.8471376034511551 0.08883333166595549
1760838159.2015297 0.650816948204181 1.2707064051767327 0.08702777603175492
1760838159.3013806 0.650816948204181 1.2707064051767327 0.08561110941227526
1760838159.4010398 0.650816948204181 1.2707064051767327 0.08930555393453687
1760838159.5015771 0.650816948204181 1.2707064051767327 0.06591666450258345
1760838159.6015186 0.650816948204181 1.2707064051767327 0.06836110891308636
1760838159.7015731 0.650816948204181 1.2707064051767327 0.07341666461434215
1760838159.8015296 0.650816948204181 1.6942752069023101 0.07038888686802239
1760838159.9011927 0.650816948204181 1.6942752069023101 0.07224999812897295
1760838160.0010316 0.650816948204181 1.6942752069023101 0.07105555364396424
1760838160.1015048 0.650816948204181 1.6942752069023101 0.07022222026716918
1760838160.2015493 0.650816948204181 2.1178440086278876 0.07502777583431453
1760838160.3015902 0.650816948204181 2.1178440086278876 0.08902777589391916
1760838160.4011173 0.650816948204181 2.1178440086278876 0.09713888696860522
1760838160.5015314 0.650816948204181 2.1178440086278876 0.10083333149086683
1760838160.6015441 0.650816948204181 2.5414128103534654 0.08963888704311102
1760838160.7009692 0.650816948204181 2.5414128103534654 0.09286110929679124
1760838160.8015218 0.650816948204181 2.5414128103534654 0.0909444425953552
1760838160.9012682 0.650816948204181 2.5414128103534654 0.10352777584921567
1760838161.0014591 0.650816948204181 2.964981612079043 0.10638888690154998
1760838161.101472 0.650816948204181 2.964981612079043 0.09686110902111975
1760838161.201538 0.650816948204181 2.964981612079043 0.10513888660352674
1760838161.3014367 0.650816948204181 2.964981612079043 0.10491666444577274
1760838161.4012449 0.650816948204181 3.3885504138046203 0.095472219819203
1760838161.5013373 0.650816948204181 3.3885504138046203 0.11311110877431926
1760838161.601546 0.650816948204181 3.3885504138046203 0.12008333080448208
1760838161.7015328 0.650816948204181 3.3885504138046203 0.11219444149173793
1760838161.801373 0.650816948204181 3.3885504138046203 0.12344444119371471
1760838161.9016445 0.650816948204181 3.3885504138046203 0.13688888573087749
1760838162.0013504 0.650816948204181 3.8121192155301977 0.13336110808886584
1760838162.1010294 0.650816948204181 3.8121192155301977 0.13247221917845306
1760838162.2016869 0.650816948204181 3.8121192155301977 0.1436111083719879
1760838162.3016734 0.650816948204181 3.8121192155301977 0.1464722194243222
1760838162.4017131 0.650816948204181 4.235688017255775 0.13755555306561287
1760838162.5015519 0.650816948204181 4.235688017255775 0.10527777527458962
1760838162.6015654 0.650816948204181 4.235688017255775 0.07222221945412452
1760838162.7016516 0.650816948204181 4.235688017255775 0.063916663872078
1760838162.801543 0.650816948204181 4.659256818981352 0.06669444167055184
1760838162.9015281 0.650816948204181 4.659256818981352 0.06413888619281347
1760838163.001261 0.650816948204181 4.659256818981352 0.05963888601399953
1760838163.101236 0.650816948204181 4.659256818981352 0.06441666395403439
1760838163.2014635 0.650816948204181 5.082825620706931 0.08719444186426693
1760838163.3015919 0.650816948204181 5.082825620706931 0.09149999753572041
1760838163.4016175 0.650816948204181 5.082825620706931 0.09686110862530763
1760838163.5013013 0.650816948204181 5.082825620706931 0.10752777555026109
1760838163.6011481 0.650816948204181 5.082825620706931 0.09691666462458665
1760838163.7011452 0.650816948204181 5.082825620706931 0.10205555357970292
1760838163.8012836 0.650816948204181 5.506394422432508 0.11149999820627267
1760838163.9012427 0.650816948204181 5.506394422432508 0.10544444271363312
1760838164.001406 0.650816948204181 5.506394422432508 0.09444444277323777
1760838164.1011791 0.650816948204181 5.506394422432508 0.0945833316072821
1760838164.2013443 0.650816948204181 5.929963224158086 0.0925555538386106
1760838164.3012035 0.650816948204181 5.929963224158086 0.08788888715207571
1760838164.4012275 0.650816948204181 5.929963224158086 0.0746666651219129
1760838164.5012126 0.650816948204181 5.929963224158086 0.07319444287568326
1760838164.6012073 0.650816948204181 6.353532025883663 0.08188888747245068
1760838164.7013197 0.650816948204181 6.353532025883663 0.09408333171159024
1760838164.8016007 0.650816948204181 6.353532025883663 0.0940555539564229
1760838164.9012609 0.650816948204181 6.353532025883663 0.09488888705382117
1760838165.0010266 0.650816948204181 6.777100827609241 0.09511110928142437
1760838165.101067 0.650816948204181 6.777100827609241 0.08322222080314526
1760838165.201024 0.650816948204181 6.777100827609241 0.088499998638872
1760838165.3011892 0.650816948204181 6.777100827609241 0.08849999868543812
1760838165.4012525 0.650816948204181 6.777100827609241 0.08213888743193813
1760838165.5009234 0.650816948204181 6.777100827609241 0.08033333179773756
1760838165.6013558 0.650816948204181 7.2006696293348185 0.0772499984246678
1760838165.7010098 0.650816948204181 7.2006696293348185 0.07288888712646434
1760838165.8014364 0.650816948204181 7.2006696293348185 0.07649999839486549
1760838165.9012449 0.650816948204181 7.2006696293348185 0.07397222054423759
1760838166.0012553 0.650816948204181 7.6242384310603954 0.07630555388750503
1760838166.1011894 0.650816948204181 7.6242384310603954 0.06563888696255156
1760838166.2013474 0.650816948204181 7.6242384310603954 0.06474999805213877
1760838166.3012245 0.650816948204181 7.6242384310603954 0.0700277758878655
1760838166.4010112 0.650816948204181 8.047807232785972 0.0671388870221562
1760838166.5013723 0.650816948204181 8.047807232785972 0.06002777573885389
1760838166.6015341 0.650816948204181 8.047807232785972 0.060944442462641676
1760838166.7011294 0.650816948204181 8.047807232785972 0.06694444232853122
1760838166.801208 0.650816948204181 8.47137603451155 0.08091666513355442
1760838166.9012597 0.650816948204181 8.47137603451155 0.07472222038777537
1760838167.0011845 0.650816948204181 8.47137603451155 0.06974999794038005
1760838167.1014311 0.650816948204181 8.47137603451155 0.06327777543338008
1760838167.2012358 0.650816948204181 8.894944836237128 0.0576388862100429
1760838167.3012536 0.650816948204181 8.894944836237128 0.0638888862100429
1760838167.4011903 0.650816948204181 8.894944836237128 0.06622221955331034
1760838167.5012488 0.650816948204181 8.894944836237128 0.06561110840411849
1760838167.601172 0.650816948204181 9.318513637962704 0.0648055529338307
1760838167.7015307 0.650816948204181 9.318513637962704 0.06441666408209124
1760838167.8012333 0.650816948204181 9.318513637962704 0.058861108857672595
1760838167.9010186 0.650816948204181 9.318513637962704 0.06066666449187317
1760838168.0013287 0.650816948204181 9.318513637962704 0.06302777564851561
1760838168.1011696 0.650816948204181 9.318513637962704 0.04930555260507384
1760838168.2014995 0.650816948204181 9.742082439688282 0.053166663635056406
1760838168.3014998 0.650816948204181 9.742082439688282 0.052222219004761365
1760838168.4012558 0.650816948204181 9.742082439688282 0.05324999679578462
1760838168.5014143 0.650816948204181 9.742082439688282 0.06344444145215669
1760838168.6016994 0.650816948204181 10.165651241413862 0.07247221906436602
1760838168.7012918 0.650816948204181 10.165651241413862 0.0696111078257672
1760838168.8016088 0.650816948204181 10.165651241413862 0.07758333039237181
1760838168.9012928 0.650816948204181 10.165651241413862 0.07002777484012762
1760838169.0010526 0.650816948204181 10.589220043139438 0.06502777476562181
1760838169.10093 0.650816948204181 10.589220043139438 0.09977777440799394
1760838169.20099 0.650816948204181 10.589220043139438 0.09180555184138933
1760838169.3009467 0.650816948204181 10.589220043139438 0.09702777405036608
1760838169.400901 0.650816948204181 11.012788844865016 0.09302777413977305
1760838169.5008519 0.650816948204181 11.012788844865016 0.0998055516625754
1760838169.600901 0.650816948204181 11.012788844865016 0.09666666266275564
1760838169.7011766 0.650816948204181 11.012788844865016 0.09136110719991843
1760838169.8009005 0.650816948204181 11.436357646590592 0.0893611070583574
1760838169.9009373 0.650816948204181 11.436357646590592 0.0856388849089853
1760838170.0009255 0.650816948204181 11.436357646590592 0.08772221830440681
1760838170.1012294 0.650816948204181 11.436357646590592 0.08824999610660593
1760838170.2011852 0.650816948204181 11.859926448316171 0.08955555165885011
1760838170.3009155 0.650816948204181 11.859926448316171 0.09099999618483702
1760838170.4011855 0.650816948204181 11.859926448316171 0.08405555140925566
1760838170.5012257 0.650816948204181 11.859926448316171 0.07769444015575568
1760838170.6008868 0.650816948204181 11.859926448316171 0.07413888451410452
1760838170.7009802 0.650816948204181 11.859926448316171 0.07594443996204059
1760838170.8011754 0.650816948204181 12.283495250041748 0.07602777329739178
1760838170.9011295 0.650816948204181 12.283495250041748 0.07191666213329877
1760838171.0012326 0.650816948204181 12.283495250041748 0.07299999545793975
1760838171.1012275 0.650816948204181 12.283495250041748 0.06797221775632346
1760838171.2009404 0.650816948204181 12.707064051767325 0.06066666271071876
1760838171.3013885 0.650816948204181 12.707064051767325 0.0663055515615269
1760838171.4012108 0.650816948204181 12.707064051767325 0.05791666272561992
1760838171.5010836 0.650816948204181 12.707064051767325 0.06505555126350368
1760838171.6011345 0.650816948204181 13.130632853492902 0.07466666239779438
1760838171.700924 0.650816948204181 13.130632853492902 0.06405555147211994
1760838171.8009477 0.650816948204181 13.130632853492902 0.06274999591987576
1760838171.9013057 0.650816948204181 13.130632853492902 0.0567222180543467
1760838172.001284 0.650816948204181 13.554201655218481 0.05358332942705597
1760838172.1009088 0.650816948204181 13.554201655218481 0.05041666280012574
1760838172.2013502 0.650816948204181 13.554201655218481 0.0325555513380095
1760838172.3012688 0.650816948204181 13.554201655218481 0.025611107307486197
1760838172.4008794 0.650816948204181 13.977770456944057 0.026999996206723116
1760838172.5008914 0.650816948204181 13.977770456944057 0.017944440594874284
1760838172.6009126 0.650816948204181 13.977770456944057 0.01874999615829434
1760838172.7011669 0.650816948204181 13.977770456944057 0.020055551803670784
1760838172.8010676 0.650816948204181 14.401339258669637 0.017972218594513794
1760838172.9010856 0.650816948204181 14.401339258669637 0.021166663221083543
1760838173.0010762 0.650816948204181 14.401339258669637 0.012388885370455642
1760838173.1016114 0.650816948204181 14.401339258669637 0.00994444095995273
1760838173.201168 0.650816948204181 14.824908060395211 -0.0011944482335821214
1760838173.3010716 0.650816948204181 14.824908060395211 0.0016666628187521873
1760838173.4010465 0.650816948204181 14.824908060395211 0.007555551803670782
1760838173.5011222 0.650816948204181 14.824908060395211 0.0021111070876940665
1760838173.6010787 0.650816948204181 14.824908060395211 0.0021666626213118012
1760838173.7010257 0.650816948204181 14.824908060395211 -0.0012500041397288863
1760838173.8008952 0.650816948204181 15.248476862120791 0.02094444099348034
1760838173.900899 0.650816948204181 15.248476862120791 0.04080555203836407
1760838174.0011673 0.650816948204181 15.248476862120791 0.0385555519489571
1760838174.1010761 0.650816948204181 15.248476862120791 0.032166662695817604
1760838174.2010822 0.650816948204181 15.672045663846367 0.03991666275542225
1760838174.301127 0.650816948204181 15.672045663846367 0.05494444060605015
1760838174.401065 0.650816948204181 15.672045663846367 0.0563888850389048
1760838174.5010788 0.650816948204181 15.672045663846367 0.0526666628895327
1760838174.6011302 0.650816948204181 16.095614465571945 0.07405555124860252
1760838174.7011075 0.650816948204181 16.095614465571945 0.09997221704106773
1760838174.8010583 0.650816948204181 16.095614465571945 0.09183332796674218
1760838174.901386 0.650816948204181 16.095614465571945 0.09533332798164335
1760838175.00108 0.650816948204181 16.519183267297525 0.09049999478738752
1760838175.1012056 0.650816948204181 16.519183267297525 0.09477777283173051
1760838175.201314 0.650816948204181 16.519183267297525 0.09455555065069345
1760838175.3012013 0.650816948204181 16.519183267297525 0.10949999524746087
1760838175.4010618 0.650816948204181 16.9427520690231 0.14441666139755396
1760838175.5011342 0.650816948204181 16.9427520690231 0.17874999477062373
1760838175.601061 0.650816948204181 16.9427520690231 0.18533332778606562
1760838175.701036 0.650816948204181 16.9427520690231 0.19063888324890285
1760838175.8011234 0.650816948204181 16.9427520690231 0.1891944388160482
1760838175.9011083 0.650816948204181 16.9427520690231 0.19399999438319354
1760838176.0010693 0.650816948204181 17.366320870748677 0.19633332772646098
1760838176.1010404 0.650816948204181 17.366320870748677 0.19055554999504237
1760838176.2011757 0.650816948204181 17.366320870748677 0.19322221672628073
1760838176.3010516 0.650816948204181 17.366320870748677 0.1963055500993505
1760838176.4010684 0.650816948204181 17.789889672474256 0.1864444392034784
1760838176.5011008 0.650816948204181 17.789889672474256 0.1947222167858854
1760838176.6011982 0.650816948204181 17.789889672474256 0.19202777242753655
1760838176.7011387 0.650816948204181 17.789889672474256 0.19349999458063394
1760838176.8009171 0.650816948204181 18.213458474199836 0.20308332771528512
1760838176.9012728 0.650816948204181 18.213458474199836 0.2057222166331485
1760838177.001152 0.650816948204181 18.213458474199836 0.2086944389389828
1760838177.101031 0.650816948204181 18.213458474199836 0.19791666076052936
1760838177.201095 0.650816948204181 18.63702727592541 0.17844443873036653
1760838177.301014 0.650816948204181 18.63702727592541 0.18605555028188975
1760838177.4010706 0.650816948204181 18.63702727592541 0.1717777717160061
1760838177.5011015 0.650816948204181 18.63702727592541 0.1551111060427502
1760838177.6011674 0.650816948204181 19.060596077650988 0.15611110592726618
1760838177.701197 0.650816948204181 19.060596077650988 0.1564999949419871
1760838177.8010845 0.650816948204181 19.060596077650988 0.14997221718076617
1760838177.9009175 0.650816948204181 19.060596077650988 0.1440277729416266
1760838178.00107 0.650816948204181 19.060596077650988 0.13649999538902194
1760838178.101091 0.650816948204181 19.060596077650988 0.1370833287248388
1760838178.200975 0.650816948204181 19.484164879376564 0.15013888424728067
1760838178.300997 0.650816948204181 19.484164879376564 0.1344166616210714
1760838178.4009166 0.650816948204181 19.484164879376564 0.15058332777116448
1760838178.5009098 0.650816948204181 19.484164879376564 0.16486110633704812
1760838178.6010056 0.650816948204181 19.907733681102144 0.15805555081460626
1760838178.7009518 0.650816948204181 19.907733681102144 0.15422221741173417
1760838178.8009174 0.650816948204181 19.907733681102144 0.1603333285311237
1760838178.9010453 0.650816948204181 19.907733681102144 0.1445555499056354
1760838179.0010178 0.650816948204181 20.331302482827724 0.1433611054206267
1760838179.1010458 0.650816948204181 20.331302482827724 0.1391388833755627
1760838179.2008672 0.650816948204181 20.331302482827724 0.1296111054951325
1760838179.301077 0.650816948204181 20.331302482827724 0.13494443895760921
1760838179.4010625 0.650816948204181 20.754871284553296 0.13408332786057142
1760838179.5010986 0.650816948204181 20.754871284553296 0.12361110544297842
1760838179.6010303 0.650816948204181 20.754871284553296 0.12799999436829237
1760838179.7009394 0.650816948204181 20.754871284553296 0.13699999472592025
1760838179.801068 0.650816948204181 21.178440086278876 0.12683332732412964
1760838179.9010394 0.650816948204181 21.178440086278876 0.13338888308499008
1760838180.0010896 0.650816948204181 21.178440086278876 0.1370277719805017
1760838180.1011117 0.650816948204181 21.178440086278876 0.12999999395105988
1760838180.2011864 0.650816948204181 21.602008888004455 0.13372221610043197
1760838180.3011785 0.650816948204181 21.602008888004455 0.14299999421928078
1760838180.401148 0.650816948204181 21.602008888004455 0.1424166608834639
1760838180.5011814 0.650816948204181 21.602008888004455 0.1424444386968389
1760838180.6011388 0.650816948204181 21.602008888004455 0.1589999938616529
1760838180.7012708 0.650816948204181 21.602008888004455 0.15383332727942614
1760838180.8011727 0.650816948204181 22.02557768973003 0.16127777157817033
1760838180.9011402 0.650816948204181 22.02557768973003 0.17083332745824006
1760838181.001131 0.650816948204181 22.02557768973003 0.1672777718165889
1760838181.101166 0.650816948204181 22.02557768973003 0.1733611049363389
1760838181.2011414 0.650816948204181 22.449146491455608 0.1696666604140773
1760838181.301132 0.650816948204181 22.449146491455608 0.1491111045936122
1760838181.4012334 0.650816948204181 22.02557768973003 0.12452777086291458
1760838181.5011523 0.650816948204181 22.02557768973003 0.02074999271426345
1760838181.6011686 0.650816948204181 22.02557768973003 -0.1138333374401555
1760838181.7011478 0.650816948204181 22.02557768973003 -0.213277786388062
1760838181.8011422 0.650816948204181 22.02557768973003 -0.3306666785618291
1760838181.9011805 0.650816948204181 22.02557768973003 -0.4793055707355962
1760838182.0011754 0.0 22.449146491455608 -0.6129722291370855
1760838182.1014225 0.0 22.449146491455608 -0.7190277868648992
1760838182.2012966 0.0 22.449146491455608 -0.8523611122509466
1760838182.3012626 0.0 22.449146491455608 -1.0177500063320624
1760838182.4012542 0.0 22.449146491455608 -1.1643333488842473
1760838182.5010107 0.0 22.449146491455608 -1.3626944595715031
1760838182.6012564 0.0 22.449146491455608 -1.532527785911225
1760838182.7012362 0.0 22.449146491455608 -1.5156666749855505
1760838182.8011367 0.0 22.449146491455608 -1.5184444527840244
1760838182.9013395 0.0 22.449146491455608 -1.518027786142193
1760838183.0014029 0.0 22.449146491455608 -1.5180833416874522
1760838183.1013446 0.0 22.449146491455608 -1.5176944527891465
1760838183.2014585 0.0 22.449146491455608 -1.5175000083399937
1760838183.3011127 0.0 22.449146491455608 -1.5175555638968945
1760838183.4011457 0.0 22.449146491455608 -1.44619445130229
1760838183.5014358 0.0 22.449146491455608 -1.4167777858674526
1760838183.6014564 0.0 22.449146491455608 -1.4195000080391764
1760838183.701298 0.0 22.449146491455608 -1.4267222298309206
1760838183.8012762 0.650816948204181 22.449146491455608 -1.4241388965398072
1760838183.9013722 0.650816948204181 22.449146491455608 -1.443555564060807
1760838184.001445 0.650816948204181 22.449146491455608 -1.459361119940877
1760838184.1013584 0.650816948204181 22.449146491455608 -1.4502500090748072
1760838184.20124 0.650816948204181 22.449146491455608 -2.355194428935647
1760838184.3013678 0.650816948204181 22.449146491455608 -2.3676110956817866
1760838184.4014032 0.650816948204181 22.449146491455608 -2.365777762234211
1760838184.5014124 0.650816948204181 22.449146491455608 -2.3569166511297226
1760838184.6015282 1.301633896408362 22.449146491455608 -2.3660555399954317
1760838184.701423 1.301633896408362 22.449146491455608 -2.3741110958158966
1760838184.801139 1.301633896408362 22.449146491455608 -2.373722206940874
1760838184.9015222 1.301633896408362 22.449146491455608 -2.3863610961940136
1760838185.001336 1.301633896408362 22.449146491455608 -2.3829722074326125
1760838185.1014078 1.301633896408362 22.449146491455608 -2.388111096387729
1760838185.2011175 1.9524508446125433 22.872715293181184 -2.399833318358287
1760838185.3013053 1.9524508446125433 22.872715293181184 -2.3875833181198685
1760838185.4014225 1.9524508446125433 22.872715293181184 -2.395833317702636
1760838185.5013318 1.9524508446125433 22.872715293181184 -2.4071944286581126
1760838185.6011205 1.9524508446125433 22.872715293181184 -2.445555539941415
1760838185.7011359 1.9524508446125433 22.872715293181184 -2.483916651224717
1760838185.80139 1.9524508446125433 22.872715293181184 -2.5222777625080193
1760838185.9012241 1.9524508446125433 22.872715293181184 -2.5606388737913215
1760838186.0016918 1.9524508446125433 22.872715293181184 -2.5989999850746237
1760838186.1012323 1.9524508446125433 22.872715293181184 -2.637361096357926
1760838186.2014704 1.9524508446125433 22.872715293181184 -2.675722207641228
1760838186.3012877 1.9524508446125433 22.872715293181184 -2.7140833189245304
1760838186.4013538 1.9524508446125433 22.872715293181184 -2.7524444302078326
1760838186.5016005 1.9524508446125433 22.872715293181184 -2.790805541491135
1760838186.6014378 1.9524508446125433 22.872715293181184 -2.829166652774437
1760838186.700962 1.9524508446125433 22.872715293181184 -2.8675277640577392
1760838186.8015175 1.9524508446125433 22.872715293181184 -2.9058888753410415
1760838186.901514 1.9524508446125433 22.872715293181184 -2.9442499866243437
1760838187.0011048 1.9524508446125433 22.872715293181184 -2.982611097907646
1760838187.1012661 1.9524508446125433 22.872715293181184 -3.020972209190948
1760838187.2015405 1.9524508446125433 22.872715293181184 -3.0593333204742503
1760838187.3015506 1.9524508446125433 22.872715293181184 -3.0976944317575525
1760838187.401122 1.9524508446125433 22.872715293181184 -3.1360555430408548
1760838187.5014868 1.9524508446125433 22.872715293181184 -3.174416654324157
1760838187.6014645 1.9524508446125433 22.872715293181184 -3.212777765607459
1760838187.7012098 1.9524508446125433 22.872715293181184 -3.2511388768907614
1760838187.8014433 1.9524508446125433 22.872715293181184 -3.2894999881740636
1760838187.9013276 1.9524508446125433 22.872715293181184 -3.327861099457366
1760838188.0014443 1.9524508446125433 22.872715293181184 -3.366222210740668
1760838188.1013381 1.9524508446125433 22.872715293181184 -3.4045833220239703
1760838188.2014885 1.9524508446125433 22.872715293181184 -3.4429444333072725
1760838188.3013635 1.9524508446125433 22.872715293181184 -3.4813055445905747
1760838188.4011965 1.9524508446125433 22.872715293181184 -3.519666655873877
1760838188.5011275 1.9524508446125433 22.872715293181184 -3.558027767157179
